Transverse Vibration - FEM

Number of Elements = 3
Density of Shaft = 7800
Element-1
----------

Mass Matrix [M]1
5.08	0.00	0.03	-0.00	
0.00	0.00	0.00	-0.00	
0.03	0.00	0.08	-0.00	
-0.00	-0.00	-0.00	0.00	

Stiffness matrix [K]1
1855503.16	139162.74	-1855503.16	139162.74	
139162.74	13916.27	-139162.74	6958.14	
-1855503.16	-139162.74	1855503.16	-139162.74	
139162.74	6958.14	-139162.74	13916.27	

Element-2
----------

Mass Matrix [M]2
0.08	0.00	0.03	-0.00	
0.00	0.00	0.00	-0.00	
0.03	0.00	0.08	-0.00	
-0.00	-0.00	-0.00	0.00	

Stiffness matrix [K]2
1855503.16	139162.74	-1855503.16	139162.74	
139162.74	13916.27	-139162.74	6958.14	
-1855503.16	-139162.74	1855503.16	-139162.74	
139162.74	6958.14	-139162.74	13916.27	

Element-3
----------

Mass Matrix [M]3
8.08	0.00	0.03	-0.00	
0.00	0.01	0.00	-0.00	
0.03	0.00	0.08	-0.00	
-0.00	-0.00	-0.00	0.00	

Stiffness matrix [K]3
1855503.16	139162.74	-1855503.16	139162.74	
139162.74	13916.27	-139162.74	6958.14	
-1855503.16	-139162.74	1855503.16	-139162.74	
139162.74	6958.14	-139162.74	13916.27	

Global Mass matrix [M]
5.08e+00	1.62e-03	2.66e-02	-9.60e-04	0.00e+00	0.00e+00	0.00e+00	0.00e+00	
1.62e-03	3.17e-03	9.60e-04	-3.32e-05	0.00e+00	0.00e+00	0.00e+00	0.00e+00	
2.66e-02	9.60e-04	1.54e-01	0.00e+00	2.66e-02	-9.60e-04	0.00e+00	0.00e+00	
-9.60e-04	-3.32e-05	0.00e+00	8.86e-05	9.60e-04	-3.32e-05	0.00e+00	0.00e+00	
0.00e+00	0.00e+00	2.66e-02	9.60e-04	8.15e+00	8.67e-19	2.66e-02	-9.60e-04	
0.00e+00	0.00e+00	-9.60e-04	-3.32e-05	8.67e-19	1.29e-02	9.60e-04	-3.32e-05	
0.00e+00	0.00e+00	0.00e+00	0.00e+00	2.66e-02	9.60e-04	7.68e-02	-1.62e-03	
0.00e+00	0.00e+00	0.00e+00	0.00e+00	-9.60e-04	-3.32e-05	-1.62e-03	4.43e-05	

Global Stiffness matrix [K]
1.86e+06	1.39e+05	-1.86e+06	1.39e+05	0.00e+00	0.00e+00	0.00e+00	0.00e+00	
1.39e+05	1.39e+04	-1.39e+05	6.96e+03	0.00e+00	0.00e+00	0.00e+00	0.00e+00	
-1.86e+06	-1.39e+05	3.71e+06	0.00e+00	-1.86e+06	1.39e+05	0.00e+00	0.00e+00	
1.39e+05	6.96e+03	0.00e+00	2.78e+04	-1.39e+05	6.96e+03	0.00e+00	0.00e+00	
0.00e+00	0.00e+00	-1.86e+06	-1.39e+05	3.71e+06	-2.91e-11	-1.86e+06	1.39e+05	
0.00e+00	0.00e+00	1.39e+05	6.96e+03	-2.91e-11	2.78e+04	-1.39e+05	6.96e+03	
0.00e+00	0.00e+00	0.00e+00	0.00e+00	-1.86e+06	-1.39e+05	1.86e+06	-1.39e+05	
0.00e+00	0.00e+00	0.00e+00	0.00e+00	1.39e+05	6.96e+03	-1.39e+05	1.39e+04	

Global Mass matrix after applying boundary condition [M]
5.08e+00	1.62e-03	-9.60e-04	0.00e+00	0.00e+00	0.00e+00	
1.62e-03	3.17e-03	-3.32e-05	0.00e+00	0.00e+00	0.00e+00	
-9.60e-04	-3.32e-05	8.86e-05	9.60e-04	-3.32e-05	0.00e+00	
0.00e+00	0.00e+00	9.60e-04	8.15e+00	8.67e-19	-9.60e-04	
0.00e+00	0.00e+00	-3.32e-05	8.67e-19	1.29e-02	-3.32e-05	
0.00e+00	0.00e+00	0.00e+00	-9.60e-04	-3.32e-05	4.43e-05	

Global Stiffness matrix after applying boundary condition [K]
1.86e+06	1.39e+05	1.39e+05	0.00e+00	0.00e+00	0.00e+00	
1.39e+05	1.39e+04	6.96e+03	0.00e+00	0.00e+00	0.00e+00	
1.39e+05	6.96e+03	2.78e+04	-1.39e+05	6.96e+03	0.00e+00	
0.00e+00	0.00e+00	-1.39e+05	3.71e+06	-2.91e-11	1.39e+05	
0.00e+00	0.00e+00	6.96e+03	-2.91e-11	2.78e+04	6.96e+03	
0.00e+00	0.00e+00	0.00e+00	1.39e+05	6.96e+03	1.39e+04	

A = [K]^-1 [M]
3.28e-05	-1.48e-07	-8.76e-09	-1.32e-05	4.68e-08	2.07e-09	
-2.55e-04	1.43e-06	6.05e-08	8.82e-05	-3.12e-07	-1.38e-08	
-1.46e-04	5.54e-07	4.93e-08	8.82e-05	-3.12e-07	-1.38e-08	
-8.20e-06	3.12e-08	3.18e-09	8.81e-06	5.30e-23	-1.51e-09	
1.82e-05	-6.93e-08	-6.37e-09	3.36e-20	6.19e-07	-2.65e-09	
7.29e-05	-2.77e-07	-2.87e-08	-8.82e-05	-3.12e-07	1.96e-08	

Natural frequencies
162.56
446.12
1309.22
2006.29
17819.25
17906.91
Relative transverse displacement at each node
-0.1056	0.0322	0.0009	0.0050	-0.0000	-0.0003	
0.0000	0.0000	0.0000	0.0000	0.0000	0.0000	
0.0308	0.0733	0.0018	0.0013	-0.0002	0.0002	
0.0000	0.0000	0.0000	0.0000	0.0000	0.0000	
Relative Rotational displacement at each node
0.8149	-0.4902	-0.2438	0.9655	-0.0001	-0.0175	
0.4918	0.2931	0.2781	-0.2506	-0.0030	-0.9998	
-0.0533	0.1410	-0.8358	-0.0677	-0.0043	-0.0043	
-0.2812	-0.8047	0.4058	0.0211	-1.0000	0.0069	
